KTS  S  FD  LT
22  4  1  22
28  5  1  28
48  8  2  48
50  7  2  50
50  3  2  50
50  2  1  50
53  1  1  53
65  18  1  65
65  15  3  65
60  19  4  60
60  14  4  60
61  13  5  61
61  12  1  61
61  9  1  61
74  25  1  74
89  27  2  89
90  23  1  90
92  22  1  92
152  6  1  152
174  10  1  174
174  11  8  174
174  16  2  174
174  17  2  174
174  20  5  174
174  21  7  174
174  24  44  174
174  26  22  174
174  28  34  174
174  29  13  174
190  30  9  190
T1_damage  T2_damage  T3_damage  T4_damage  
278.514917  118.230705  458.084043  399.626102
WIN
Total Number of Enemies= 30.000000
Average FD= 6.066667
Average KD= 99.300000
