KTS  S  FD  LT
144  19  2  144
144  16  1  144
144  1  1  144
136  17  3  136
137  15  2  137
137  10  2  137
137  9  1  137
168  14  2  168
170  13  88  170
170  12  102  170
170  11  76  170
170  8  96  170
170  6  11  170
170  5  2  170
170  3  1  170
170  2  1  170
206  20  2  206
206  18  2  206
206  7  1  206
206  4  1  206
T1_damage  T2_damage  T3_damage  T4_damage  
318.944618  474.008402  84.883873  61.507026
WIN
Total Number of Enemies= 20.000000
Average FD= 19.850000
Average KD= 146.700000
